 NH2                                                    NH         H                                            5.832e-06 -2.000e+00  4.595e+04  2.000e+00  1.000e+02  1.000e+00  1.000e+00  1.000e+00  1.000e+00  1.000e+00  1.000e+00  1.000e+00  1.000e+00  1.000e+00  1.000e+00  1.000e+00  1.000e+00  1.000e+00  1.000e+00  1.000e+00  1.000e+00  1.000e+00  1.000e+00  1.000e+00  1.000e+00  1.000e+00  1.000e+00
 NH3                                                    NH2        H                                            3.654e-08  0.000e+00  4.699e+04  2.000e+00  1.000e+02  1.000e+00  1.000e+00  1.000e+00  1.000e+00  1.000e+00  1.000e+00  1.000e+00  1.000e+00  1.000e+00  1.000e+00  1.000e+00  1.000e+00  1.000e+00  1.000e+00  1.000e+00  1.000e+00  1.000e+00  1.000e+00  1.000e+00  1.000e+00  1.000e+00  1.000e+00
 NH3                                                    NH         H2                                           1.047e-09  0.000e+00  4.695e+04  2.000e+00  1.000e+02  1.000e+00  1.000e+00  1.000e+00  1.000e+00  1.000e+00  1.000e+00  1.000e+00  1.000e+00  1.000e+00  1.000e+00  1.000e+00  1.000e+00  1.000e+00  1.000e+00  1.000e+00  1.000e+00  1.000e+00  1.000e+00  1.000e+00  1.000e+00  1.000e+00  1.000e+00
 NNH                                                    N2         H                                            2.877e-10  5.000e-01  1.538e+03  2.000e+00  1.000e+02  1.000e+00  1.000e+00  1.000e+00  1.000e+00  1.000e+00  1.000e+00  1.000e+00  1.000e+00  1.000e+00  1.000e+00  1.000e+00  1.000e+00  1.000e+00  1.000e+00  1.000e+00  1.000e+00  1.000e+00  1.000e+00  1.000e+00  1.000e+00  1.000e+00  1.000e+00
 N2H3                                                   NH2        NH                                           8.306e-08  0.000e+00  3.017e+04  2.000e+00  1.000e+02  1.000e+00  1.000e+00  1.000e+00  1.000e+00  1.000e+00  1.000e+00  1.000e+00  1.000e+00  1.000e+00  1.000e+00  1.000e+00  1.000e+00  1.000e+00  1.000e+00  1.000e+00  1.000e+00  1.000e+00  1.000e+00  1.000e+00  1.000e+00  1.000e+00  1.000e+00
 N2H3                                                   N2H2       H                                            1.661e-08  0.000e+00  1.860e+04  2.000e+00  1.000e+02  1.000e+00  1.000e+00  1.000e+00  1.000e+00  1.000e+00  1.000e+00  1.000e+00  1.000e+00  1.000e+00  1.000e+00  1.000e+00  1.000e+00  1.000e+00  1.000e+00  1.000e+00  1.000e+00  1.000e+00  1.000e+00  1.000e+00  1.000e+00  1.000e+00  1.000e+00
 HCN                                                    H          CN                                           2.150e-04 -2.600e+00  6.280e+04  2.000e+00  1.000e+02  1.000e+00  1.000e+00  1.000e+00  1.000e+00  1.000e+00  1.000e+00  1.000e+00  1.000e+00  1.000e+00  1.000e+00  1.000e+00  1.000e+00  1.000e+00  1.000e+00  1.000e+00  1.000e+00  1.000e+00  1.000e+00  1.000e+00  1.000e+00  1.000e+00  1.000e+00
 HNCO                                                   H          NCO                                          8.306e-09  0.000e+00  6.033e+04  2.000e+00  1.000e+02  1.000e+00  1.000e+00  1.000e+00  1.000e+00  1.000e+00  1.000e+00  1.000e+00  1.000e+00  1.000e+00  1.000e+00  1.000e+00  1.000e+00  1.000e+00  1.000e+00  1.000e+00  1.000e+00  1.000e+00  1.000e+00  1.000e+00  1.000e+00  1.000e+00  1.000e+00
 H2CN                                                   HCN        H                                            4.983e-10  0.000e+00  1.106e+04  2.000e+00  1.000e+02  1.000e+00  1.000e+00  1.000e+00  1.000e+00  1.000e+00  1.000e+00  1.000e+00  1.000e+00  1.000e+00  1.000e+00  1.000e+00  1.000e+00  1.000e+00  1.000e+00  1.000e+00  1.000e+00  1.000e+00  1.000e+00  1.000e+00  1.000e+00  1.000e+00  1.000e+00
 CH3                                                    3CH2       H                                            4.834e-08  0.000e+00  4.560e+04  2.000e+00  1.000e+02  4.000e-01  7.500e-01  1.500e+00  6.500e+00  3.000e+00  1.000e+00  1.000e+00  3.500e-01  4.000e-01  3.500e-01  1.000e+00  1.000e+00  1.000e+00  1.000e+00  1.000e+00  1.000e+00  1.000e+00  1.000e+00  1.000e+00  1.000e+00  1.000e+00  1.000e+00
 HCO                                                    H          CO                                           1.052e-09 -1.000e+00  8.547e+03  2.000e+00  1.000e+02  1.000e+00  1.500e+00  2.000e+00  6.000e+00  1.000e+00  2.000e+00  1.000e+00  1.000e+00  1.000e+00  1.000e+00  1.000e+00  1.000e+00  1.000e+00  1.000e+00  1.000e+00  1.000e+00  1.000e+00  1.000e+00  1.000e+00  1.000e+00  1.000e+00  1.000e+00
 H2CO                                                   HCO        H                                            4.399e-02 -5.540e+00  4.867e+04  2.000e+00  1.000e+02  4.000e-01  7.500e-01  1.500e+00  6.500e+00  3.000e+00  1.000e+00  1.000e+00  3.500e-01  4.000e-01  3.500e-01  1.000e+00  1.000e+00  1.000e+00  1.000e+00  1.000e+00  1.000e+00  1.000e+00  1.000e+00  1.000e+00  1.000e+00  1.000e+00  1.000e+00
 H2CO                                                   H2         CO                                           1.024e-01 -5.540e+00  4.867e+04  2.000e+00  1.000e+02  4.000e-01  7.500e-01  1.500e+00  6.500e+00  3.000e+00  1.000e+00  1.000e+00  3.500e-01  4.000e-01  3.500e-01  1.000e+00  1.000e+00  1.000e+00  1.000e+00  1.000e+00  1.000e+00  1.000e+00  1.000e+00  1.000e+00  1.000e+00  1.000e+00  1.000e+00
 CH3O                                                   H2CO       H                                            2.575e-10  0.000e+00  6.787e+03  2.000e+00  1.000e+02  4.000e-01  7.500e-01  1.500e+00  6.500e+00  3.000e+00  1.000e+00  1.000e+00  3.500e-01  4.000e-01  3.500e-01  1.000e+00  1.000e+00  1.000e+00  1.000e+00  1.000e+00  1.000e+00  1.000e+00  1.000e+00  1.000e+00  1.000e+00  1.000e+00  1.000e+00
 CH2OH                                                  H2CO       H                                            2.093e-08  0.000e+00  1.508e+04  2.000e+00  1.000e+02  4.000e-01  7.500e-01  1.500e+00  6.500e+00  3.000e+00  1.000e+00  1.000e+00  3.500e-01  4.000e-01  3.500e-01  1.000e+00  1.000e+00  1.000e+00  1.000e+00  1.000e+00  1.000e+00  1.000e+00  1.000e+00  1.000e+00  1.000e+00  1.000e+00  1.000e+00
 N2H2                                                   NNH        H                                            8.306e-08  0.000e+00  2.514e+04  2.000e+00  1.000e+02  2.000e+00  1.000e+00  1.000e+00  1.500e+01  1.000e+00  2.000e+00  1.000e+00  1.000e+00  2.000e+00  1.000e+00  1.000e+00  1.000e+00  1.000e+00  1.000e+00  1.000e+00  1.000e+00  1.000e+00  1.000e+00  1.000e+00  1.000e+00  1.000e+00  1.000e+00
 N2H2                                                   NH         NH                                           5.249e-08  0.000e+00  4.997e+04  2.000e+00  1.000e+02  2.000e+00  1.000e+00  1.000e+00  1.500e+01  1.000e+00  2.000e+00  1.000e+00  1.000e+00  2.000e+00  1.000e+00  1.000e+00  1.000e+00  1.000e+00  1.000e+00  1.000e+00  1.000e+00  1.000e+00  1.000e+00  1.000e+00  1.000e+00  1.000e+00  1.000e+00
 HNCO                                                   NH         CO                                           1.827e-08  0.000e+00  4.324e+04  2.000e+00  1.000e+02  1.000e+00  1.000e+00  1.000e+00  1.000e+00  1.000e+00  1.000e+00  1.000e+00  1.000e+00  1.000e+00  1.000e+00  1.000e+00  1.000e+00  1.000e+00  1.000e+00  1.000e+00  1.000e+00  1.000e+00  1.000e+00  1.000e+00  1.000e+00  1.000e+00  1.000e+00
